217414	1671409260	16753.5	16756.5	16752.0	16757.5
217413	1671409200	16753.0	16753.5	16753.0	16754.0
217412	1671409140	16747.5	16753.0	16747.5	16754.0
217411	1671409080	16747.0	16747.5	16746.0	16749.0
217410	1671409020	16738.0	16747.0	16734.5	16750.5
217409	1671408960	16738.5	16738.0	16737.5	16741.0
217408	1671408900	16739.5	16738.5	16738.5	16742.5
217407	1671408841	16737.0	16739.5	16737.0	16740.0
217406	1671408780	16726.5	16737.0	16726.5	16737.0
217405	1671408720	16727.0	16726.5	16726.5	16730.5
217404	1671408660	16716.0	16727.0	16715.5	16732.0
217403	1671408600	16718.5	16716.0	16715.5	16719.0
217402	1671408540	16709.5	16718.5	16708.5	16719.5
217401	1671408480	16714.5	16709.5	16705.0	16714.5
217400	1671408420	16725.0	16714.5	16714.0	16725.0
217399	1671408360	16732.0	16725.0	16721.5	16732.5
217398	1671408300	16739.0	16732.0	16732.0	16741.0
217397	1671408240	16742.0	16739.0	16736.5	16742.0
217396	1671408180	16737.5	16742.0	16737.5	16742.0
217395	1671408120	16737.0	16737.5	16737.0	16737.5
217394	1671408060	16727.5	16737.0	16727.0	16737.5
217393	1671408000	16731.5	16727.5	16727.0	16731.5
217392	1671407940	16724.5	16731.5	16719.5	16732.5
217391	1671407880	16730.5	16724.5	16720.5	16731.0
217390	1671407820	16728.5	16730.5	16728.5	16737.0
217389	1671407760	16734.0	16728.5	16727.5	16736.0
217388	1671407700	16746.0	16734.0	16734.0	16746.0
217387	1671407640	16751.0	16746.0	16742.5	16751.5
217386	1671407580	16752.0	16751.0	16751.0	16752.0
217385	1671407520	16756.0	16752.0	16751.5	16756.0
217384	1671407460	16756.5	16756.0	16755.5	16757.5
217383	1671407400	16755.5	16756.5	16755.5	16757.5
217382	1671407340	16757.5	16755.5	16752.5	16757.5
217381	1671407280	16764.0	16757.5	16757.0	16764.5
217380	1671407220	16765.5	16764.0	16764.0	16765.5
217379	1671407160	16766.5	16765.5	16765.0	16766.5
217378	1671407100	16771.0	16766.5	16766.5	16771.5
217377	1671407040	16773.0	16771.0	16771.0	16773.0
217376	1671406980	16772.5	16773.0	16772.0	16773.0
217375	1671406920	16774.0	16772.5	16772.5	16774.0
217374	1671406860	16772.0	16774.0	16771.5	16775.0
217373	1671406800	16764.0	16772.0	16763.5	16772.0
217372	1671406740	16760.5	16764.0	16760.5	16764.0
217371	1671406680	16760.5	16760.5	16760.5	16761.0
217370	1671406620	16761.5	16760.5	16760.5	16762.5
217369	1671406560	16762.5	16761.5	16761.5	16763.0
217368	1671406500	16765.0	16762.5	16762.0	16765.5
217367	1671406440	16765.0	16765.0	16765.0	16766.0
217366	1671406380	16769.5	16765.0	16765.0	16770.0
217365	1671406320	16772.5	16769.5	16766.0	16772.5
217364	1671406260	16775.0	16772.5	16772.0	16775.0
217363	1671406200	16777.5	16775.0	16774.5	16777.5
217362	1671406140	16781.0	16777.5	16777.0	16781.0
217361	1671406080	16781.0	16781.0	16780.5	16781.0
217360	1671406020	16780.5	16781.0	16780.0	16781.0
217359	1671405960	16779.5	16780.5	16779.5	16780.5
217358	1671405900	16785.0	16779.5	16778.5	16785.0
217357	1671405840	16779.0	16785.0	16778.5	16785.5
217356	1671405780	16781.5	16779.0	16778.5	16782.0
217355	1671405720	16786.0	16781.5	16781.5	16787.0
217354	1671405660	16786.0	16786.0	16785.0	16787.0
217353	1671405600	16787.0	16786.0	16786.0	16787.0
217352	1671405540	16786.0	16787.0	16785.5	16787.0
217351	1671405480	16790.0	16786.0	16785.0	16790.5
217350	1671405420	16791.5	16790.0	16790.0	16795.0
217349	1671405360	16791.5	16791.5	16790.0	16796.0
217348	1671405300	16789.5	16791.5	16789.5	16803.5
217347	1671405240	16787.0	16789.5	16787.0	16789.5
217346	1671405180	16789.0	16787.0	16787.0	16789.5
217345	1671405120	16783.5	16789.0	16783.5	16789.5
217344	1671405060	16784.0	16783.5	16783.5	16784.5
217343	1671405000	16779.5	16784.0	16774.0	16784.5
217342	1671404940	16779.5	16779.5	16779.5	16787.0
217341	1671404880	16790.5	16779.5	16779.5	16791.0
217340	1671404820	16786.0	16790.5	16777.5	16792.0
217339	1671404760	16785.5	16786.0	16784.0	16789.0
217338	1671404700	16781.0	16785.5	16770.0	16787.0
217337	1671404640	16769.0	16781.0	16768.5	16785.5
217336	1671404580	16769.0	16769.0	16768.5	16773.5
217335	1671404520	16741.0	16769.0	16741.0	16773.0
217334	1671404460	16748.5	16741.0	16737.5	16753.5
217333	1671404400	16751.5	16748.5	16745.5	16751.5
217332	1671404340	16754.0	16751.5	16751.5	16758.5
217331	1671404280	16754.0	16754.0	16752.0	16757.5
217330	1671404220	16757.5	16754.0	16754.0	16758.5
217329	1671404160	16756.5	16757.5	16756.0	16758.0
217328	1671404100	16754.0	16756.5	16753.0	16757.0
217327	1671404040	16748.0	16754.0	16748.0	16758.5
217326	1671403980	16746.0	16748.0	16740.5	16748.0
217325	1671403920	16742.5	16746.0	16736.0	16746.5
217324	1671403860	16731.0	16742.5	16715.5	16744.0
217323	1671403800	16727.0	16731.0	16715.0	16731.5
217322	1671403740	16745.5	16727.0	16712.0	16745.5
217321	1671403680	16780.0	16745.5	16745.0	16780.0
217320	1671403620	16782.0	16780.0	16780.0	16783.0
217319	1671403560	16780.5	16782.0	16780.5	16783.0
217318	1671403500	16780.5	16780.5	16779.0	16781.0
217317	1671403440	16782.5	16780.5	16780.5	16783.0
217316	1671403380	16790.5	16782.5	16782.0	16790.5
217315	1671403320	16792.5	16790.5	16788.5	16793.0
217314	1671403260	16804.0	16792.5	16792.0	16804.0
217313	1671403200	16796.0	16804.0	16796.0	16805.5
217312	1671403140	16791.0	16796.0	16787.0	16796.5
217311	1671403080	16805.0	16791.0	16791.0	16805.0
217310	1671403020	16771.0	16805.0	16771.0	16836.5
217309	1671402960	16759.5	16771.0	16759.5	16771.0
217308	1671402900	16757.5	16759.5	16757.5	16760.0
217307	1671402840	16757.5	16757.5	16755.5	16758.0
217306	1671402780	16752.5	16757.5	16752.5	16758.0
217305	1671402720	16757.5	16752.5	16752.5	16757.5
217304	1671402660	16756.5	16757.5	16756.5	16759.0
217303	1671402600	16755.5	16756.5	16755.5	16756.5
217302	1671402540	16760.5	16755.5	16755.5	16761.0
217301	1671402480	16756.5	16760.5	16756.5	16761.5
217300	1671402420	16754.0	16756.5	16754.0	16756.5
217299	1671402360	16753.0	16754.0	16750.5	16754.5
217298	1671402300	16758.5	16753.0	16751.0	16758.5
217297	1671402240	16761.5	16758.5	16758.5	16761.5
217296	1671402180	16761.0	16761.5	16761.0	16761.5
217295	1671402120	16762.0	16761.0	16758.5	16762.0
217294	1671402060	16765.5	16762.0	16759.5	16765.5
217293	1671402000	16764.0	16765.5	16764.0	16767.5
217292	1671401940	16764.0	16764.0	16764.0	16767.5
217291	1671401880	16769.0	16764.0	16764.0	16769.0
217290	1671401820	16765.0	16769.0	16765.0	16769.0
217289	1671401760	16769.0	16765.0	16764.5	16772.0
217288	1671401700	16752.0	16769.0	16752.0	16769.0
217287	1671401640	16749.5	16752.0	16749.0	16752.0
217286	1671401580	16749.0	16749.5	16748.0	16749.5
217285	1671401520	16748.0	16749.0	16748.0	16749.0
217284	1671401460	16746.0	16748.0	16746.0	16749.0
217283	1671401400	16748.0	16746.0	16746.0	16748.5
217282	1671401340	16737.0	16748.0	16736.5	16748.5
217281	1671401280	16736.5	16737.0	16736.5	16737.0
217280	1671401220	16737.0	16736.5	16736.5	16737.0
217279	1671401160	16736.5	16737.0	16736.5	16737.0
217278	1671401100	16737.0	16736.5	16736.5	16737.0
217277	1671401040	16734.5	16737.0	16734.5	16737.0
217276	1671400980	16734.0	16734.5	16734.0	16736.5
217275	1671400920	16737.0	16734.0	16734.0	16737.0
217274	1671400860	16733.5	16737.0	16733.5	16737.0
217273	1671400800	16739.5	16733.5	16733.5	16739.5
217272	1671400740	16739.0	16739.5	16739.0	16739.5
217271	1671400680	16739.0	16739.0	16739.0	16739.5
217270	1671400620	16739.0	16739.0	16739.0	16739.5
217269	1671400560	16739.0	16739.0	16739.0	16739.5
217268	1671400500	16739.0	16739.0	16738.5	16739.5
217267	1671400440	16737.0	16739.0	16737.0	16739.0
217266	1671400380	16737.5	16737.0	16737.0	16738.0
217265	1671400320	16739.0	16737.5	16737.0	16739.5
217264	1671400260	16737.0	16739.0	16736.5	16739.5
217263	1671400200	16737.0	16737.0	16736.5	16737.0
217262	1671400140	16737.0	16737.0	16736.5	16737.0
217261	1671400080	16734.5	16737.0	16733.0	16737.0
217260	1671400020	16735.0	16734.5	16734.5	16735.0
217259	1671399960	16735.0	16735.0	16734.5	16735.0
217258	1671399900	16732.5	16735.0	16732.0	16736.0
217257	1671399840	16733.0	16732.5	16732.0	16733.0
217256	1671399780	16732.0	16733.0	16732.0	16733.0
217255	1671399720	16732.5	16732.0	16732.0	16732.5
217254	1671399660	16731.5	16732.5	16731.5	16732.5
217253	1671399600	16730.0	16731.5	16730.0	16732.0
217252	1671399540	16731.0	16730.0	16730.0	16731.0
217251	1671399480	16726.5	16731.0	16726.5	16731.0
217250	1671399420	16739.5	16726.5	16726.5	16739.5
217249	1671399360	16730.5	16739.5	16730.0	16741.0
217248	1671399300	16730.0	16730.5	16730.0	16730.5
217247	1671399240	16730.0	16730.0	16730.0	16730.5
217246	1671399180	16730.5	16730.0	16730.0	16731.0
217245	1671399120	16734.5	16730.5	16730.0	16734.5
217244	1671399060	16733.0	16734.5	16732.5	16734.5
217243	1671399000	16733.0	16733.0	16730.0	16733.5
217242	1671398940	16734.5	16733.0	16732.0	16734.5
217241	1671398880	16733.0	16734.5	16732.5	16735.0
217240	1671398820	16732.5	16733.0	16732.5	16733.5
217239	1671398760	16731.0	16732.5	16730.0	16733.0
217238	1671398700	16731.5	16731.0	16730.0	16732.5
217237	1671398640	16731.5	16731.5	16731.5	16732.0
217236	1671398580	16729.5	16731.5	16729.5	16732.0
217235	1671398520	16731.5	16729.5	16729.5	16732.0
217234	1671398460	16736.0	16731.5	16731.5	16736.0
217233	1671398400	16734.5	16736.0	16731.5	16736.0
217232	1671398340	16737.0	16734.5	16732.0	16737.0
217231	1671398280	16744.0	16737.0	16736.0	16744.0
217230	1671398220	16757.5	16744.0	16740.5	16757.5
217229	1671398160	16758.0	16757.5	16756.5	16758.0
217228	1671398100	16758.0	16758.0	16756.5	16758.5
217227	1671398040	16759.0	16758.0	16757.5	16759.0
217226	1671397980	16758.5	16759.0	16758.5	16759.0
217225	1671397920	16759.0	16758.5	16758.5	16759.0
217224	1671397860	16760.5	16759.0	16758.5	16761.5
217223	1671397800	16755.5	16760.5	16755.0	16761.5
217222	1671397740	16763.0	16755.5	16755.0	16763.0
217221	1671397680	16759.5	16763.0	16757.0	16770.5
217220	1671397620	16742.0	16759.5	16742.0	16761.0
217219	1671397560	16741.0	16742.0	16740.5	16743.5
217218	1671397500	16744.0	16741.0	16740.5	16744.0
217217	1671397440	16744.0	16744.0	16744.0	16744.5
217216	1671397380	16744.5	16744.0	16744.0	16744.5
217215	1671397320	16744.0	16744.5	16744.0	16744.5
217214	1671397260	16744.0	16744.0	16743.5	16744.5
217213	1671397200	16740.0	16744.0	16740.0	16744.0
217212	1671397140	16742.0	16740.0	16740.0	16747.5
217211	1671397080	16742.0	16742.0	16740.0	16742.0
217210	1671397020	16743.0	16742.0	16741.5	16743.0
217209	1671396960	16748.0	16743.0	16743.0	16748.0
217208	1671396900	16745.0	16748.0	16745.0	16749.0
217207	1671396840	16757.0	16745.0	16745.0	16757.0
217206	1671396780	16756.5	16757.0	16756.0	16757.0
217205	1671396720	16752.5	16756.5	16751.5	16756.5
217204	1671396660	16752.0	16752.5	16751.5	16752.5
217203	1671396600	16753.0	16752.0	16752.0	16753.0
217202	1671396540	16752.5	16753.0	16752.5	16753.0
217201	1671396480	16754.0	16752.5	16752.5	16754.0
217200	1671396420	16755.5	16754.0	16754.0	16755.5
217199	1671396360	16755.5	16755.5	16754.5	16755.5
217198	1671396300	16755.5	16755.5	16755.0	16756.5
217197	1671396240	16751.5	16755.5	16751.0	16755.5
217196	1671396180	16751.0	16751.5	16751.0	16752.0
217195	1671396120	16751.0	16751.0	16751.0	16751.5
217194	1671396060	16753.0	16751.0	16751.0	16753.5
217193	1671396000	16754.0	16753.0	16753.0	16754.0
217192	1671395940	16754.5	16754.0	16753.5	16755.0
217191	1671395880	16751.5	16754.5	16751.5	16755.5
217190	1671395820	16751.5	16751.5	16751.0	16752.0
217189	1671395760	16746.5	16751.5	16746.5	16751.5
217188	1671395700	16745.0	16746.5	16744.5	16747.0
217187	1671395640	16744.5	16745.0	16744.5	16745.0
217186	1671395580	16745.5	16744.5	16744.5	16745.5
217185	1671395520	16745.5	16745.5	16745.0	16745.5
217184	1671395460	16745.5	16745.5	16745.0	16745.5
217183	1671395400	16745.0	16745.5	16745.0	16745.5
217182	1671395340	16745.0	16745.0	16745.0	16745.5
217181	1671395280	16745.5	16745.0	16745.0	16745.5
217180	1671395220	16744.5	16745.5	16744.5	16745.5
217179	1671395160	16745.0	16744.5	16744.5	16745.0
217178	1671395100	16745.0	16745.0	16744.5	16745.5
217177	1671395040	16745.0	16745.0	16745.0	16745.5
217176	1671394980	16744.5	16745.0	16744.5	16745.5
217175	1671394920	16752.5	16744.5	16744.5	16752.5
217174	1671394860	16752.0	16752.5	16752.0	16752.5
217173	1671394800	16754.0	16752.0	16752.0	16754.0
217172	1671394740	16750.5	16754.0	16750.5	16754.0
217171	1671394680	16750.0	16750.5	16749.5	16751.0
217170	1671394620	16748.0	16750.0	16748.0	16750.0
217169	1671394560	16743.0	16748.0	16742.5	16748.5
217168	1671394500	16743.0	16743.0	16743.0	16743.5
217167	1671394440	16743.0	16743.0	16743.0	16743.5
217166	1671394380	16741.5	16743.0	16741.5	16743.5
217165	1671394320	16749.0	16741.5	16741.5	16749.5
217164	1671394260	16749.0	16749.0	16749.0	16750.0
217163	1671394200	16749.5	16749.0	16749.0	16749.5
217162	1671394140	16749.0	16749.5	16749.0	16749.5
217161	1671394080	16749.5	16749.0	16749.0	16749.5
217160	1671394020	16749.0	16749.5	16749.0	16749.5
217159	1671393960	16749.0	16749.0	16749.0	16749.5
217158	1671393900	16748.0	16749.0	16748.0	16749.5
217157	1671393840	16752.0	16748.0	16746.5	16752.5
217156	1671393780	16745.0	16752.0	16743.5	16752.0
217155	1671393720	16736.5	16745.0	16736.0	16745.0
217154	1671393660	16736.5	16736.5	16736.5	16737.0
217153	1671393600	16736.5	16736.5	16736.0	16737.0
217152	1671393540	16737.0	16736.5	16736.5	16737.0
217151	1671393480	16734.5	16737.0	16734.0	16737.0
217150	1671393420	16733.5	16734.5	16733.0	16734.5
217149	1671393360	16733.5	16733.5	16733.0	16733.5
217148	1671393300	16729.5	16733.5	16729.5	16733.5
217147	1671393240	16728.0	16729.5	16728.0	16730.0
217146	1671393180	16727.0	16728.0	16726.5	16728.0
217145	1671393120	16727.0	16727.0	16726.5	16730.0
217144	1671393060	16726.5	16727.0	16726.5	16727.0
217143	1671393000	16729.0	16726.5	16726.5	16730.5
217142	1671392940	16730.5	16729.0	16728.5	16730.5
217141	1671392880	16740.0	16730.5	16730.5	16740.0
217140	1671392820	16741.0	16740.0	16739.0	16742.5
217139	1671392760	16739.5	16741.0	16739.5	16743.5
217138	1671392700	16735.0	16739.5	16735.0	16740.0
217137	1671392640	16736.0	16735.0	16735.0	16736.0
217136	1671392580	16735.5	16736.0	16735.5	16736.0
217135	1671392520	16736.0	16735.5	16735.5	16736.0
217134	1671392460	16734.0	16736.0	16734.0	16736.0
217133	1671392400	16734.0	16734.0	16734.0	16734.5
217132	1671392340	16734.5	16734.0	16734.0	16734.5
217131	1671392280	16740.0	16734.5	16734.0	16740.0
217130	1671392220	16740.0	16740.0	16739.5	16740.0
217129	1671392160	16739.0	16740.0	16739.0	16740.0
217128	1671392100	16740.0	16739.0	16739.0	16740.0
217127	1671392040	16740.0	16740.0	16740.0	16740.5
217126	1671391980	16740.5	16740.0	16739.0	16741.0
217125	1671391920	16742.0	16740.5	16740.5	16742.0
217124	1671391860	16741.5	16742.0	16741.0	16742.0
217123	1671391800	16740.0	16741.5	16740.0	16741.5
217122	1671391741	16739.0	16740.0	16739.0	16741.0
217121	1671391680	16735.5	16739.0	16735.5	16739.5
217120	1671391620	16739.0	16735.5	16735.5	16739.5
217119	1671391560	16739.5	16739.0	16739.0	16739.5
217118	1671391500	16735.5	16739.5	16735.5	16739.5
217117	1671391440	16733.5	16735.5	16733.0	16736.0
217116	1671391380	16733.0	16733.5	16733.0	16735.0
217115	1671391320	16734.0	16733.0	16733.0	16734.0
217114	1671391260	16728.5	16734.0	16728.0	16734.0
217113	1671391200	16726.0	16728.5	16725.5	16729.0
217112	1671391140	16723.5	16726.0	16723.0	16726.0
217111	1671391080	16723.0	16723.5	16722.5	16723.5
217110	1671391020	16722.5	16723.0	16719.5	16723.0
217109	1671390960	16717.5	16722.5	16711.0	16723.5
217108	1671390900	16730.5	16717.5	16717.0	16731.5
217107	1671390840	16730.0	16730.5	16728.5	16731.0
217106	1671390780	16736.5	16730.0	16730.0	16737.0
217105	1671390720	16735.5	16736.5	16735.5	16737.0
217104	1671390660	16735.5	16735.5	16735.0	16736.0
217103	1671390600	16735.5	16735.5	16735.0	16735.5
217102	1671390540	16734.5	16735.5	16732.0	16735.5
217101	1671390480	16739.0	16734.5	16734.5	16739.0
217100	1671390420	16735.5	16739.0	16735.5	16739.0
217099	1671390360	16742.0	16735.5	16735.0	16742.0
217098	1671390300	16742.0	16742.0	16741.5	16745.0
217097	1671390240	16750.5	16742.0	16740.5	16750.5
217096	1671390180	16733.0	16750.5	16733.0	16755.0
217095	1671390120	16730.0	16733.0	16728.0	16734.5
217094	1671390060	16734.5	16730.0	16730.0	16742.0
217093	1671390000	16733.5	16734.5	16729.5	16735.5
217092	1671389940	16720.5	16733.5	16720.0	16733.5
217091	1671389880	16723.0	16720.5	16720.0	16723.5
217090	1671389820	16714.0	16723.0	16710.5	16723.5
217089	1671389760	16714.0	16714.0	16713.0	16716.0
217088	1671389700	16710.5	16714.0	16710.0	16714.0
217087	1671389640	16712.5	16710.5	16710.0	16713.5
217086	1671389580	16718.5	16712.5	16707.5	16718.5
217085	1671389520	16725.5	16718.5	16711.0	16725.5
217084	1671389460	16731.0	16725.5	16721.5	16731.0
217083	1671389400	16729.0	16731.0	16729.0	16732.0
217082	1671389340	16737.0	16729.0	16725.5	16737.5
217081	1671389280	16737.5	16737.0	16737.0	16738.0
217080	1671389220	16737.5	16737.5	16737.5	16738.0
217079	1671389160	16736.5	16737.5	16736.0	16738.0
217078	1671389100	16735.0	16736.5	16735.0	16737.0
217077	1671389040	16733.5	16735.0	16733.5	16737.0
217076	1671388980	16729.5	16733.5	16729.0	16734.0
217075	1671388920	16731.5	16729.5	16728.5	16732.5
217074	1671388860	16730.0	16731.5	16723.0	16732.0
217073	1671388800	16738.5	16730.0	16730.0	16738.5
217072	1671388740	16740.5	16738.5	16738.0	16741.0
217071	1671388680	16745.0	16740.5	16739.5	16745.5
217070	1671388620	16751.0	16745.0	16745.0	16751.0
217069	1671388560	16753.5	16751.0	16751.0	16754.5
217068	1671388500	16755.0	16753.5	16753.0	16755.0
217067	1671388440	16752.5	16755.0	16752.5	16755.0
217066	1671388380	16754.5	16752.5	16752.5	16754.5
217065	1671388320	16750.5	16754.5	16750.0	16754.5
217064	1671388260	16748.0	16750.5	16748.0	16754.5
217063	1671388200	16753.5	16748.0	16748.0	16753.5
217062	1671388140	16758.0	16753.5	16751.5	16758.5
217061	1671388080	16759.0	16758.0	16758.0	16759.5
217060	1671388020	16760.5	16759.0	16758.0	16761.0
217059	1671387960	16761.0	16760.5	16760.5	16761.5
217058	1671387900	16762.0	16761.0	16758.5	16762.5
217057	1671387840	16772.5	16762.0	16761.5	16773.0
217056	1671387780	16769.0	16772.5	16769.0	16773.0
217055	1671387720	16775.0	16769.0	16766.0	16775.0
217054	1671387660	16775.0	16775.0	16774.0	16779.0
217053	1671387600	16777.0	16775.0	16768.0	16777.0
217052	1671387540	16777.5	16777.0	16766.0	16778.0
217051	1671387480	16772.0	16777.5	16765.5	16780.0
217050	1671387420	16757.5	16772.0	16757.5	16772.0
217049	1671387360	16755.0	16757.5	16755.0	16759.5
217048	1671387300	16759.0	16755.0	16755.0	16759.5
217047	1671387240	16765.5	16759.0	16756.5	16765.5
217046	1671387180	16758.0	16765.5	16758.0	16769.5
217045	1671387120	16759.0	16758.0	16754.5	16768.5
217044	1671387060	16742.0	16759.0	16741.5	16759.0
217043	1671387000	16734.5	16742.0	16734.5	16742.5
217042	1671386940	16736.0	16734.5	16734.5	16743.5
217041	1671386880	16739.0	16736.0	16736.0	16749.5
217040	1671386820	16738.5	16739.0	16731.0	16739.5
217039	1671386760	16749.5	16738.5	16733.5	16749.5
217038	1671386700	16768.0	16749.5	16745.5	16768.0
217037	1671386640	16742.0	16768.0	16742.0	16773.5
217036	1671386580	16732.5	16742.0	16728.0	16758.0
217035	1671386520	16704.0	16732.5	16703.5	16733.0
217034	1671386460	16699.0	16704.0	16698.5	16706.0
217033	1671386400	16698.0	16699.0	16697.5	16699.5
217032	1671386340	16698.0	16698.0	16696.0	16698.0
217031	1671386280	16697.5	16698.0	16697.5	16700.5
217030	1671386220	16698.5	16697.5	16695.5	16699.0
217029	1671386160	16693.5	16698.5	16693.5	16699.0
217028	1671386100	16689.0	16693.5	16688.5	16693.5
217027	1671386040	16689.0	16689.0	16688.5	16689.0
217026	1671385980	16688.0	16689.0	16688.0	16690.0
217025	1671385920	16685.5	16688.0	16685.0	16689.0
217024	1671385860	16685.5	16685.5	16685.0	16685.5
217023	1671385800	16683.0	16685.5	16683.0	16685.5
217022	1671385740	16680.0	16683.0	16680.0	16684.0
217021	1671385680	16677.0	16680.0	16676.5	16680.5
217020	1671385620	16677.5	16677.0	16676.5	16677.5
217019	1671385560	16677.5	16677.5	16677.0	16677.5
217018	1671385500	16677.0	16677.5	16677.0	16677.5
217017	1671385440	16677.5	16677.0	16676.5	16680.0
217016	1671385380	16681.5	16677.5	16677.0	16682.0
217015	1671385320	16683.0	16681.5	16681.5	16683.0
217014	1671385260	16685.0	16683.0	16683.0	16685.5
217013	1671385200	16685.0	16685.0	16685.0	16685.5
217012	1671385140	16685.5	16685.0	16685.0	16685.5
217011	1671385080	16685.5	16685.5	16685.0	16685.5
217010	1671385020	16686.0	16685.5	16685.5	16686.5
217009	1671384960	16686.5	16686.0	16686.0	16686.5
217008	1671384900	16687.5	16686.5	16684.5	16689.5
217007	1671384840	16689.5	16687.5	16686.5	16690.0
217006	1671384780	16685.0	16689.5	16684.5	16690.0
217005	1671384720	16683.0	16685.0	16683.0	16685.0
217004	1671384660	16679.0	16683.0	16679.0	16683.0
217003	1671384600	16679.5	16679.0	16678.5	16679.5
217002	1671384540	16678.5	16679.5	16677.0	16679.5
217001	1671384480	16674.5	16678.5	16674.5	16679.0
217000	1671384420	16673.0	16674.5	16673.0	16675.0
216999	1671384360	16672.5	16673.0	16672.0	16674.5
216998	1671384300	16672.5	16672.5	16672.0	16672.5
216997	1671384240	16673.5	16672.5	16672.0	16674.0
216996	1671384180	16674.0	16673.5	16673.5	16675.0
216995	1671384120	16674.0	16674.0	16673.5	16674.0
216994	1671384060	16674.0	16674.0	16673.5	16674.0
216993	1671384000	16670.5	16674.0	16670.5	16674.0
216992	1671383940	16671.5	16670.5	16670.5	16671.5
216991	1671383880	16675.0	16671.5	16671.5	16675.5
216990	1671383820	16673.5	16675.0	16673.0	16676.0
216989	1671383760	16675.5	16673.5	16673.0	16675.5
216988	1671383700	16675.0	16675.5	16675.0	16675.5
216987	1671383640	16678.5	16675.0	16675.0	16678.5
216986	1671383580	16680.5	16678.5	16678.0	16680.5
216985	1671383520	16680.5	16680.5	16680.0	16680.5
216984	1671383460	16681.0	16680.5	16680.0	16681.0
216983	1671383400	16682.5	16681.0	16680.5	16683.0
216982	1671383340	16683.0	16682.5	16682.5	16683.0
216981	1671383280	16685.5	16683.0	16682.5	16685.5
216980	1671383220	16685.0	16685.5	16684.5	16685.5
216979	1671383160	16686.0	16685.0	16684.5	16686.0
216978	1671383100	16684.5	16686.0	16684.5	16687.0
216977	1671383040	16683.0	16684.5	16683.0	16684.5
216976	1671382980	16683.0	16683.0	16681.5	16683.0
216975	1671382920	16682.5	16683.0	16682.5	16684.5
216974	1671382860	16681.5	16682.5	16681.5	16682.5
216973	1671382800	16680.0	16681.5	16680.0	16682.0
216972	1671382740	16680.0	16680.0	16680.0	16680.5
216971	1671382680	16680.5	16680.0	16680.0	16682.0
216970	1671382620	16677.5	16680.5	16677.0	16680.5
216969	1671382560	16678.5	16677.5	16677.0	16678.5
216968	1671382500	16676.0	16678.5	16676.0	16678.5
216967	1671382440	16675.5	16676.0	16675.0	16676.0
216966	1671382380	16675.5	16675.5	16675.0	16675.5
216965	1671382320	16675.0	16675.5	16675.0	16675.5
216964	1671382260	16675.0	16675.0	16675.0	16676.0
216963	1671382200	16676.5	16675.0	16674.5	16676.5
216962	1671382140	16676.0	16676.5	16676.0	16676.5
216961	1671382080	16676.5	16676.0	16675.5	16676.5
216960	1671382020	16672.0	16676.5	16671.5	16676.5
216959	1671381960	16670.5	16672.0	16670.0	16672.0
216958	1671381900	16671.5	16670.5	16670.0	16671.5
216957	1671381840	16679.5	16671.5	16671.0	16679.5
216956	1671381780	16680.5	16679.5	16679.5	16680.5
216955	1671381720	16681.5	16680.5	16680.0	16681.5
216954	1671381660	16681.0	16681.5	16681.0	16681.5
216953	1671381600	16681.0	16681.0	16681.0	16681.5
216952	1671381540	16681.5	16681.0	16681.0	16681.5
216951	1671381480	16681.5	16681.5	16681.0	16681.5
216950	1671381420	16681.5	16681.5	16681.0	16681.5
216949	1671381360	16680.5	16681.5	16680.5	16681.5
216948	1671381300	16680.5	16680.5	16680.5	16681.0
216947	1671381240	16681.0	16680.5	16680.5	16681.0
216946	1671381181	16682.5	16681.0	16680.5	16683.0
216945	1671381120	16682.0	16682.5	16682.0	16682.5
216944	1671381060	16683.0	16682.0	16682.0	16683.0
216943	1671381000	16683.5	16683.0	16682.5	16683.5
216942	1671380940	16683.0	16683.5	16683.0	16683.5
216941	1671380880	16683.0	16683.0	16683.0	16683.5
216940	1671380820	16683.0	16683.0	16683.0	16683.5
216939	1671380760	16683.0	16683.0	16683.0	16683.5
216938	1671380700	16683.5	16683.0	16683.0	16683.5
216937	1671380640	16686.5	16683.5	16683.0	16686.5
216936	1671380580	16684.5	16686.5	16684.0	16686.5
216935	1671380520	16684.0	16684.5	16684.0	16684.5
216934	1671380460	16684.0	16684.0	16684.0	16684.5
216933	1671380400	16688.0	16684.0	16684.0	16688.5
216932	1671380340	16687.5	16688.0	16686.5	16690.5
216931	1671380280	16683.5	16687.5	16683.0	16687.5
216930	1671380220	16683.5	16683.5	16683.0	16683.5
216929	1671380160	16683.0	16683.5	16682.5	16683.5
216928	1671380100	16682.0	16683.0	16681.5	16683.5
216927	1671380040	16680.0	16682.0	16680.0	16682.0
216926	1671379980	16682.0	16680.0	16679.5	16682.5
216925	1671379920	16680.0	16682.0	16679.5	16682.0
216924	1671379860	16679.0	16680.0	16679.0	16680.0
216923	1671379800	16678.5	16679.0	16678.0	16679.0
216922	1671379740	16678.5	16678.5	16678.0	16678.5
216921	1671379680	16678.5	16678.5	16678.0	16678.5
216920	1671379620	16677.0	16678.5	16677.0	16678.5
216919	1671379560	16677.5	16677.0	16677.0	16677.5
216918	1671379500	16676.0	16677.5	16673.5	16677.5
216917	1671379440	16676.0	16676.0	16675.5	16677.0
216916	1671379380	16672.5	16676.0	16672.5	16676.0
216915	1671379320	16671.5	16672.5	16671.0	16673.0
216914	1671379260	16673.0	16671.5	16670.0	16673.0
216913	1671379200	16671.5	16673.0	16671.5	16674.5
216912	1671379140	16673.0	16671.5	16670.0	16673.0
216911	1671379080	16671.5	16673.0	16671.0	16673.0
216910	1671379020	16670.0	16671.5	16669.5	16672.0
216909	1671378960	16670.0	16670.0	16668.0	16670.0
216908	1671378900	16673.0	16670.0	16670.0	16673.5
216907	1671378840	16674.0	16673.0	16673.0	16674.0
216906	1671378780	16676.5	16674.0	16673.5	16677.0
216905	1671378720	16680.0	16676.5	16676.5	16680.5
216904	1671378660	16681.0	16680.0	16680.0	16681.0
216903	1671378600	16680.5	16681.0	16680.5	16681.5
216902	1671378540	16680.0	16680.5	16680.0	16681.5
216901	1671378480	16686.5	16680.0	16680.0	16686.5
216900	1671378420	16682.0	16686.5	16681.5	16686.5
216899	1671378360	16684.5	16682.0	16681.5	16684.5
216898	1671378300	16683.0	16684.5	16682.5	16685.0
216897	1671378240	16682.0	16683.0	16681.5	16683.5
216896	1671378180	16682.5	16682.0	16681.5	16683.0
216895	1671378120	16680.0	16682.5	16679.5	16684.5
216894	1671378060	16678.0	16680.0	16678.0	16680.0
216893	1671378000	16679.0	16678.0	16677.0	16679.5
216892	1671377940	16681.0	16679.0	16677.0	16681.0
216891	1671377880	16681.0	16681.0	16680.5	16681.0
216890	1671377820	16680.5	16681.0	16680.5	16681.0
216889	1671377760	16679.5	16680.5	16679.5	16681.0
216888	1671377700	16680.0	16679.5	16679.5	16680.0
216887	1671377640	16679.5	16680.0	16679.5	16680.0
216886	1671377580	16680.0	16679.5	16679.5	16680.0
216885	1671377520	16679.5	16680.0	16679.5	16680.0
216884	1671377460	16680.0	16679.5	16679.5	16680.0
216883	1671377400	16680.0	16680.0	16679.5	16680.0
216882	1671377340	16679.5	16680.0	16679.5	16680.0
216881	1671377280	16680.0	16679.5	16679.5	16680.5
216880	1671377220	16680.0	16680.0	16679.5	16681.0
216879	1671377160	16679.5	16680.0	16679.5	16680.5
216878	1671377100	16680.5	16679.5	16679.5	16681.0
216877	1671377040	16680.0	16680.5	16680.0	16681.0
216876	1671376980	16680.5	16680.0	16680.0	16681.0
216875	1671376920	16680.0	16680.5	16679.5	16680.5
216874	1671376860	16680.0	16680.0	16679.5	16680.0
216873	1671376800	16677.5	16680.0	16677.5	16680.0
216872	1671376740	16677.0	16677.5	16677.0	16678.5
216871	1671376680	16667.5	16677.0	16667.5	16677.0
216870	1671376620	16668.0	16667.5	16667.5	16668.5
216869	1671376560	16666.0	16668.0	16666.0	16671.5
216868	1671376500	16665.5	16666.0	16665.0	16666.0
216867	1671376440	16665.5	16665.5	16665.0	16666.0
216866	1671376380	16662.5	16665.5	16662.5	16668.0
216865	1671376320	16670.5	16662.5	16662.0	16670.5
216864	1671376260	16669.0	16670.5	16669.0	16670.5
216863	1671376200	16669.0	16669.0	16669.0	16669.5
216862	1671376140	16669.0	16669.0	16669.0	16669.5
216861	1671376080	16675.0	16669.0	16669.0	16675.0
216860	1671376020	16674.0	16675.0	16673.5	16675.0
216859	1671375960	16674.0	16674.0	16673.5	16674.5
216858	1671375900	16671.5	16674.0	16671.0	16674.5
216857	1671375840	16677.0	16671.5	16670.5	16677.0
216856	1671375780	16677.0	16677.0	16676.5	16677.0
216855	1671375720	16677.0	16677.0	16676.5	16678.0
216854	1671375660	16676.5	16677.0	16676.5	16677.5
216853	1671375600	16679.5	16676.5	16676.5	16680.0
216852	1671375540	16680.5	16679.5	16679.5	16681.0
216851	1671375480	16680.5	16680.5	16680.0	16680.5
216850	1671375420	16679.5	16680.5	16679.5	16680.5
216849	1671375360	16679.5	16679.5	16675.5	16680.5
216848	1671375300	16681.5	16679.5	16671.0	16682.0
216847	1671375240	16684.5	16681.5	16681.5	16685.0
216846	1671375180	16683.5	16684.5	16683.0	16685.0
216845	1671375120	16683.0	16683.5	16682.5	16683.5
216844	1671375060	16685.0	16683.0	16682.5	16685.0
216843	1671375000	16684.5	16685.0	16683.5	16685.5
216842	1671374940	16683.0	16684.5	16683.0	16684.5
216841	1671374880	16685.5	16683.0	16683.0	16686.0
216840	1671374820	16686.5	16685.5	16685.5	16687.0
216839	1671374760	16687.0	16686.5	16686.5	16687.0
216838	1671374700	16686.5	16687.0	16686.5	16687.5
216837	1671374640	16686.5	16686.5	16686.5	16687.0
216836	1671374580	16686.5	16686.5	16686.5	16687.0
216835	1671374520	16688.0	16686.5	16686.5	16688.0
216834	1671374461	16686.0	16688.0	16686.0	16688.0
216833	1671374400	16684.0	16686.0	16683.0	16686.5
216832	1671374340	16685.0	16684.0	16683.0	16685.0
216831	1671374280	16677.0	16685.0	16676.5	16685.5
216830	1671374220	16677.0	16677.0	16676.5	16677.5
216829	1671374160	16677.5	16677.0	16677.0	16677.5
216828	1671374100	16677.5	16677.5	16676.5	16678.0
216827	1671374040	16677.0	16677.5	16674.5	16677.5
216826	1671373980	16692.5	16677.0	16674.5	16692.5
216825	1671373920	16691.5	16692.5	16691.5	16694.0
216824	1671373860	16692.0	16691.5	16688.5	16692.0
216823	1671373800	16689.0	16692.0	16689.0	16693.0
216822	1671373740	16684.5	16689.0	16684.0	16689.0
216821	1671373680	16683.0	16684.5	16679.0	16684.5
216820	1671373620	16675.5	16683.0	16675.5	16683.5
216819	1671373560	16676.5	16675.5	16672.0	16677.0
216818	1671373500	16677.0	16676.5	16670.0	16678.0
216817	1671373440	16703.0	16677.0	16676.5	16703.0
216816	1671373380	16706.5	16703.0	16702.5	16706.5
216815	1671373320	16707.0	16706.5	16706.0	16707.0
216814	1671373260	16706.0	16707.0	16706.0	16708.0
216813	1671373200	16707.5	16706.0	16706.0	16709.0
216812	1671373140	16709.5	16707.5	16707.0	16710.0
216811	1671373080	16706.0	16709.5	16705.5	16710.5
216810	1671373020	16703.0	16706.0	16703.0	16706.0
216809	1671372960	16701.0	16703.0	16701.0	16703.0
216808	1671372900	16701.5	16701.0	16701.0	16701.5
216807	1671372840	16701.5	16701.5	16701.5	16702.0
216806	1671372780	16699.0	16701.5	16699.0	16702.0
216805	1671372720	16700.0	16699.0	16699.0	16700.0
216804	1671372660	16698.0	16700.0	16698.0	16700.5
216803	1671372600	16697.0	16698.0	16696.5	16698.5
216802	1671372540	16696.5	16697.0	16696.0	16697.0
216801	1671372480	16695.0	16696.5	16695.0	16697.0
216800	1671372420	16693.0	16695.0	16692.5	16695.5
216799	1671372360	16690.0	16693.0	16690.0	16693.5
216798	1671372300	16694.0	16690.0	16690.0	16694.0
216797	1671372240	16694.5	16694.0	16694.0	16695.0
216796	1671372180	16695.5	16694.5	16694.5	16696.0
216795	1671372120	16697.0	16695.5	16695.5	16697.0
216794	1671372060	16698.0	16697.0	16696.5	16698.5
216793	1671372000	16698.0	16698.0	16697.5	16698.5
216792	1671371940	16697.0	16698.0	16697.0	16698.0
216791	1671371880	16697.0	16697.0	16697.0	16697.5
216790	1671371820	16697.0	16697.0	16697.0	16697.5
216789	1671371760	16696.5	16697.0	16696.0	16697.0
216788	1671371700	16695.5	16696.5	16695.0	16696.5
216787	1671371640	16695.5	16695.5	16695.0	16695.5
216786	1671371580	16696.0	16695.5	16695.0	16696.0
216785	1671371520	16693.0	16696.0	16692.5	16696.0
216784	1671371460	16692.5	16693.0	16692.0	16693.5
216783	1671371400	16694.0	16692.5	16692.5	16694.5
216782	1671371340	16697.0	16694.0	16694.0	16697.5
216781	1671371280	16697.0	16697.0	16697.0	16698.0
216780	1671371220	16697.0	16697.0	16696.5	16697.5
216779	1671371160	16696.0	16697.0	16695.5	16697.0
216778	1671371100	16693.5	16696.0	16693.5	16696.0
216777	1671371040	16694.0	16693.5	16693.5	16694.5
216776	1671370980	16695.0	16694.0	16693.0	16695.5
216775	1671370920	16695.5	16695.0	16695.0	16696.0
216774	1671370860	16695.5	16695.5	16695.0	16697.0
216773	1671370800	16696.0	16695.5	16693.5	16696.0
216772	1671370740	16697.5	16696.0	16693.0	16697.5
216771	1671370680	16695.0	16697.5	16683.5	16700.0
216770	1671370620	16696.0	16695.0	16695.0	16696.5
216769	1671370560	16697.0	16696.0	16696.0	16698.0
216768	1671370500	16699.0	16697.0	16696.5	16699.0
216767	1671370440	16702.0	16699.0	16699.0	16702.0
216766	1671370380	16710.0	16702.0	16701.5	16710.0
216765	1671370320	16708.5	16710.0	16708.5	16710.0
216764	1671370260	16709.5	16708.5	16708.0	16709.5
216763	1671370200	16709.0	16709.5	16709.0	16709.5
216762	1671370140	16710.0	16709.0	16709.0	16710.0
216761	1671370080	16709.5	16710.0	16709.0	16710.5
216760	1671370020	16710.0	16709.5	16709.5	16710.0
216759	1671369960	16711.0	16710.0	16709.5	16711.0
216758	1671369900	16711.5	16711.0	16710.5	16712.0
216757	1671369840	16713.0	16711.5	16709.5	16713.0
216756	1671369780	16712.5	16713.0	16712.5	16714.0
216755	1671369720	16711.5	16712.5	16710.5	16713.0
216754	1671369660	16709.0	16711.5	16708.5	16712.0
216753	1671369600	16709.0	16709.0	16708.5	16709.0
216752	1671369540	16709.0	16709.0	16708.5	16709.0
216751	1671369480	16709.0	16709.0	16708.0	16709.0
216750	1671369420	16709.0	16709.0	16708.5	16709.0
216749	1671369360	16711.0	16709.0	16709.0	16711.5
216748	1671369300	16710.5	16711.0	16709.5	16711.5
216747	1671369240	16708.5	16710.5	16708.0	16710.5
216746	1671369180	16707.0	16708.5	16706.5	16708.5
216745	1671369120	16706.0	16707.0	16706.0	16707.0
216744	1671369060	16706.0	16706.0	16706.0	16706.5
216743	1671369000	16706.5	16706.0	16706.0	16707.0
216742	1671368940	16706.0	16706.5	16706.0	16707.0
216741	1671368880	16706.5	16706.0	16706.0	16706.5
216740	1671368820	16706.5	16706.5	16705.5	16707.5
216739	1671368760	16706.5	16706.5	16706.5	16707.5
216738	1671368700	16706.5	16706.5	16706.0	16707.0
216737	1671368640	16709.0	16706.5	16706.0	16709.0
216736	1671368580	16709.0	16709.0	16709.0	16709.5
216735	1671368520	16710.0	16709.0	16708.5	16710.5
216734	1671368460	16710.5	16710.0	16710.0	16711.5
216733	1671368400	16709.5	16710.5	16709.0	16711.0
216732	1671368340	16709.5	16709.5	16708.5	16709.5
216731	1671368280	16711.0	16709.5	16709.5	16711.0
216730	1671368220	16713.0	16711.0	16711.0	16713.0
216729	1671368160	16712.5	16713.0	16712.0	16713.5
216728	1671368100	16713.5	16712.5	16712.0	16714.0
216727	1671368040	16713.5	16713.5	16712.0	16714.0
216726	1671367980	16713.0	16713.5	16713.0	16715.5
216725	1671367920	16710.5	16713.0	16709.5	16713.0
216724	1671367860	16716.5	16710.5	16710.5	16723.5
216723	1671367800	16710.0	16716.5	16710.0	16717.5
216722	1671367740	16710.0	16710.0	16710.0	16710.5
216721	1671367680	16710.0	16710.0	16709.5	16711.5
216720	1671367620	16709.0	16710.0	16708.5	16710.0
216719	1671367560	16711.0	16709.0	16708.5	16711.0
216718	1671367500	16709.0	16711.0	16708.5	16711.0
216717	1671367440	16705.5	16709.0	16705.0	16709.0
216716	1671367380	16705.0	16705.5	16704.5	16706.0
216715	1671367320	16705.5	16705.0	16704.5	16705.5
216714	1671367260	16705.5	16705.5	16703.0	16705.5
216713	1671367200	16705.0	16705.5	16704.5	16707.5
216712	1671367140	16698.5	16705.0	16698.0	16705.5
216711	1671367080	16700.5	16698.5	16698.0	16701.0
216710	1671367020	16698.0	16700.5	16698.0	16701.5
216709	1671366960	16697.5	16698.0	16697.5	16699.0
216708	1671366900	16696.0	16697.5	16696.0	16698.0
216707	1671366840	16696.0	16696.0	16695.5	16696.5
216706	1671366780	16696.0	16696.0	16695.5	16696.5
216705	1671366720	16697.0	16696.0	16695.5	16697.0
216704	1671366660	16698.0	16697.0	16697.0	16699.5
216703	1671366600	16698.0	16698.0	16697.5	16698.5
216702	1671366540	16697.0	16698.0	16697.0	16698.5
216701	1671366480	16698.0	16697.0	16697.0	16698.0
216700	1671366420	16698.0	16698.0	16697.5	16698.5
216699	1671366360	16697.5	16698.0	16697.5	16698.0
216698	1671366300	16696.5	16697.5	16696.5	16698.0
216697	1671366240	16696.5	16696.5	16696.5	16697.0
216696	1671366180	16697.0	16696.5	16696.5	16697.0
216695	1671366120	16696.5	16697.0	16696.5	16697.0
216694	1671366060	16694.5	16696.5	16694.5	16699.5
216693	1671366000	16695.0	16694.5	16694.0	16695.0
216692	1671365940	16695.5	16695.0	16693.0	16696.0
216691	1671365880	16693.5	16695.5	16692.5	16696.0
216690	1671365820	16695.0	16693.5	16693.5	16695.0
216689	1671365760	16695.0	16695.0	16693.5	16695.5
216688	1671365700	16696.0	16695.0	16695.0	16696.0
216687	1671365640	16701.5	16696.0	16695.0	16701.5
216686	1671365580	16704.0	16701.5	16701.5	16704.5
216685	1671365520	16703.0	16704.0	16703.0	16704.0
216684	1671365460	16702.5	16703.0	16702.0	16704.0
216683	1671365400	16702.5	16702.5	16702.0	16703.0
216682	1671365340	16701.5	16702.5	16700.5	16703.0
216681	1671365280	16705.5	16701.5	16701.0	16705.5
216680	1671365220	16705.5	16705.5	16705.0	16706.0
216679	1671365160	16703.5	16705.5	16703.0	16707.5
216678	1671365100	16702.5	16703.5	16702.5	16703.5
216677	1671365040	16703.5	16702.5	16702.5	16703.5
216676	1671364980	16700.0	16703.5	16700.0	16704.0
216675	1671364920	16698.0	16700.0	16697.5	16700.0
216674	1671364860	16697.5	16698.0	16697.0	16700.5
216673	1671364800	16698.5	16697.5	16697.0	16698.5
216672	1671364740	16694.0	16698.5	16694.0	16698.5
216671	1671364680	16695.0	16694.0	16693.5	16695.0
216670	1671364620	16696.0	16695.0	16694.5	16697.0
216669	1671364560	16694.5	16696.0	16694.0	16696.5
216668	1671364500	16694.5	16694.5	16694.5	16695.0
216667	1671364440	16693.0	16694.5	16693.0	16695.0
216666	1671364380	16698.0	16693.0	16692.5	16698.5
216665	1671364320	16698.5	16698.0	16698.0	16699.5
216664	1671364260	16703.5	16698.5	16698.0	16703.5
216663	1671364200	16703.0	16703.5	16703.0	16703.5
216662	1671364140	16707.5	16703.0	16703.0	16708.0
216661	1671364080	16705.5	16707.5	16704.0	16708.0
216660	1671364020	16709.0	16705.5	16705.0	16709.5
216659	1671363960	16711.5	16709.0	16709.0	16711.5
216658	1671363900	16711.0	16711.5	16710.5	16711.5
216657	1671363840	16710.5	16711.0	16710.0	16711.5
216656	1671363780	16709.5	16710.5	16709.5	16711.0
216655	1671363720	16709.0	16709.5	16709.0	16709.5
216654	1671363660	16709.0	16709.0	16709.0	16709.5
216653	1671363600	16712.0	16709.0	16709.0	16712.0
216652	1671363540	16711.0	16712.0	16711.0	16712.5
216651	1671363480	16710.5	16711.0	16710.5	16711.0
216650	1671363420	16709.0	16710.5	16709.0	16711.5
216649	1671363360	16709.0	16709.0	16708.0	16709.0
216648	1671363300	16704.0	16709.0	16704.0	16709.0
216647	1671363240	16703.5	16704.0	16703.5	16704.5
216646	1671363180	16705.0	16703.5	16703.5	16705.5
216645	1671363120	16705.5	16705.0	16705.0	16706.0
216644	1671363060	16703.0	16705.5	16703.0	16707.5
216643	1671363000	16702.5	16703.0	16700.5	16704.0
216642	1671362940	16700.0	16702.5	16700.0	16703.0
216641	1671362880	16698.5	16700.0	16698.5	16700.5
216640	1671362820	16695.5	16698.5	16695.5	16698.5
216639	1671362760	16694.5	16695.5	16694.0	16696.0
216638	1671362700	16692.5	16694.5	16692.5	16694.5
216637	1671362657	16692.0	16692.5	16692.0	16692.5
216636	1671362580	16692.0	16692.0	16692.0	16692.5
216635	1671362520	16692.0	16692.0	16692.0	16692.5
216634	1671362460	16693.5	16692.0	16692.0	16693.5
216633	1671362400	16694.5	16693.5	16692.5	16694.5
216632	1671362340	16696.5	16694.5	16694.0	16696.5
216631	1671362280	16698.0	16696.5	16695.5	16698.0
216630	1671362220	16700.0	16698.0	16698.0	16700.0
216629	1671362160	16700.5	16700.0	16699.0	16701.5
216628	1671362100	16704.0	16700.5	16699.5	16705.0
216627	1671362040	16698.0	16704.0	16697.5	16704.0
216626	1671361980	16697.5	16698.0	16697.0	16698.0
216625	1671361920	16697.5	16697.5	16697.0	16697.5
216624	1671361860	16697.5	16697.5	16697.0	16698.0
216623	1671361800	16698.0	16697.5	16697.5	16698.0
216622	1671361740	16698.0	16698.0	16697.5	16698.0
216621	1671361680	16698.0	16698.0	16697.0	16698.0
216620	1671361620	16696.5	16698.0	16696.0	16698.0
216619	1671361560	16697.0	16696.5	16696.5	16697.0
216618	1671361500	16694.5	16697.0	16694.5	16697.0
216617	1671361440	16694.0	16694.5	16694.0	16695.0
216616	1671361380	16694.5	16694.0	16693.5	16695.5
216615	1671361320	16694.0	16694.5	16694.0	16695.0
216614	1671361260	16695.0	16694.0	16694.0	16695.5
216613	1671361200	16695.5	16695.0	16694.0	16696.0
216612	1671361140	16694.5	16695.5	16694.0	16696.5
216611	1671361080	16694.5	16694.5	16694.5	16695.5
216610	1671361020	16693.5	16694.5	16693.5	16694.5
216609	1671360960	16698.5	16693.5	16693.5	16698.5
216608	1671360900	16698.0	16698.5	16698.0	16698.5
216607	1671360840	16697.0	16698.0	16697.0	16699.5
216606	1671360780	16697.0	16697.0	16696.5	16697.5
216605	1671360720	16697.5	16697.0	16696.0	16697.5
216604	1671360660	16696.0	16697.5	16694.5	16699.0
216603	1671360600	16693.5	16696.0	16693.5	16696.0
216602	1671360540	16692.5	16693.5	16692.0	16694.0
216601	1671360480	16687.0	16692.5	16686.5	16693.0
216600	1671360420	16685.5	16687.0	16685.0	16687.0
216599	1671360360	16688.5	16685.5	16685.0	16689.0
216598	1671360300	16688.0	16688.5	16688.0	16688.5
216597	1671360240	16687.5	16688.0	16687.5	16688.0
216596	1671360180	16687.5	16687.5	16687.0	16688.0
216595	1671360120	16687.0	16687.5	16687.0	16687.5
216594	1671360060	16686.5	16687.0	16686.0	16687.5
216593	1671360000	16686.5	16686.5	16686.0	16686.5
216592	1671359940	16687.0	16686.5	16686.0	16687.0
216591	1671359880	16684.0	16687.0	16684.0	16687.0
216590	1671359820	16684.0	16684.0	16682.0	16686.0
216589	1671359760	16682.0	16684.0	16682.0	16686.5
216588	1671359700	16686.5	16682.0	16679.0	16687.0
216587	1671359640	16684.5	16686.5	16684.5	16687.0
216586	1671359580	16689.0	16684.5	16684.5	16690.5
216585	1671359520	16697.5	16689.0	16687.5	16697.5
216584	1671359460	16695.5	16697.5	16695.5	16698.0
216583	1671359400	16700.0	16695.5	16693.5	16701.5
216582	1671359340	16700.5	16700.0	16699.5	16700.5
216581	1671359280	16699.0	16700.5	16699.0	16700.5
216580	1671359220	16697.0	16699.0	16697.0	16699.5
216579	1671359160	16699.5	16697.0	16697.0	16699.5
216578	1671359100	16697.5	16699.5	16697.0	16699.5
216577	1671359040	16697.0	16697.5	16697.0	16701.5
216576	1671358980	16693.5	16697.0	16693.0	16697.0
216575	1671358920	16686.5	16693.5	16686.0	16693.5
216574	1671358860	16688.5	16686.5	16686.5	16688.5
216573	1671358800	16686.5	16688.5	16686.0	16689.0
216572	1671358740	16688.5	16686.5	16686.5	16688.5
216571	1671358680	16690.5	16688.5	16688.5	16692.0
216570	1671358620	16694.5	16690.5	16690.0	16696.0
216569	1671358560	16697.0	16694.5	16694.5	16697.0
216568	1671358500	16699.0	16697.0	16697.0	16699.0
216567	1671358440	16700.0	16699.0	16698.5	16700.5
216566	1671358380	16699.5	16700.0	16699.0	16701.0
216565	1671358320	16696.0	16699.5	16695.5	16699.5
216564	1671358260	16696.0	16696.0	16695.5	16696.5
216563	1671358200	16695.5	16696.0	16695.5	16696.0
216562	1671358140	16697.0	16695.5	16695.0	16697.5
216561	1671358080	16694.5	16697.0	16694.5	16697.0
216560	1671358020	16692.5	16694.5	16692.5	16695.5
216559	1671357960	16690.5	16692.5	16690.0	16693.0
216558	1671357900	16689.5	16690.5	16688.0	16690.5
216557	1671357840	16689.5	16689.5	16687.5	16690.0
216556	1671357780	16684.0	16689.5	16684.0	16689.5
216555	1671357720	16687.0	16684.0	16683.5	16687.5
216554	1671357660	16685.5	16687.0	16683.5	16687.5
216553	1671357600	16686.5	16685.5	16685.5	16687.0
216552	1671357540	16686.0	16686.5	16685.0	16687.5
216551	1671357480	16685.0	16686.0	16684.5	16689.5
216550	1671357420	16685.0	16685.0	16684.5	16685.0
216549	1671357360	16680.5	16685.0	16680.5	16685.0
216548	1671357300	16678.0	16680.5	16675.0	16681.0
216547	1671357240	16686.5	16678.0	16673.0	16686.5
216546	1671357180	16677.0	16686.5	16675.0	16686.5
216545	1671357120	16686.5	16677.0	16677.0	16689.5
216544	1671357060	16684.5	16686.5	16677.5	16686.5
216543	1671357000	16699.0	16684.5	16682.5	16699.0
216542	1671356940	16704.0	16699.0	16698.5	16705.0
216541	1671356880	16702.5	16704.0	16702.5	16707.5
216540	1671356820	16706.5	16702.5	16702.0	16708.5
216539	1671356760	16698.5	16706.5	16696.5	16711.5
216538	1671356700	16699.5	16698.5	16698.5	16717.5
216537	1671356640	16692.0	16699.5	16690.0	16707.0
216536	1671356580	16683.5	16692.0	16683.0	16692.5
216535	1671356520	16681.5	16683.5	16680.5	16683.5
216534	1671356460	16670.5	16681.5	16669.0	16682.5
216533	1671356400	16668.5	16670.5	16668.0	16671.0
216532	1671356340	16656.5	16668.5	16656.0	16668.5
216531	1671356280	16668.5	16656.5	16654.5	16668.5
216530	1671356220	16679.5	16668.5	16667.5	16679.5
216529	1671356160	16678.5	16679.5	16678.5	16681.0
216528	1671356100	16672.5	16678.5	16672.5	16680.5
216527	1671356040	16668.5	16672.5	16668.0	16674.5
216526	1671355980	16673.5	16668.5	16665.5	16674.5
216525	1671355920	16675.5	16673.5	16670.5	16676.0
216524	1671355860	16678.5	16675.5	16671.5	16686.0
216523	1671355800	16685.5	16678.5	16675.5	16691.0
216522	1671355740	16695.0	16685.5	16678.5	16696.5
216521	1671355680	16704.5	16695.0	16682.0	16704.5
216520	1671355620	16719.0	16704.5	16704.5	16719.0
216519	1671355560	16726.0	16719.0	16718.5	16727.0
216518	1671355500	16730.0	16726.0	16726.0	16730.0
216517	1671355440	16729.0	16730.0	16728.5	16730.0
216516	1671355380	16729.0	16729.0	16728.5	16729.0
216515	1671355320	16729.0	16729.0	16728.5	16729.5
216514	1671355260	16726.5	16729.0	16726.5	16729.0
216513	1671355200	16727.5	16726.5	16725.0	16727.5
216512	1671355140	16724.0	16727.5	16724.0	16728.0
216511	1671355080	16721.5	16724.0	16721.5	16727.5
216510	1671355020	16728.0	16721.5	16721.5	16728.0
216509	1671354960	16730.5	16728.0	16727.0	16730.5
216508	1671354900	16730.0	16730.5	16729.5	16731.0
216507	1671354840	16730.5	16730.0	16730.0	16731.0
216506	1671354780	16730.5	16730.5	16730.0	16731.5
216505	1671354720	16732.0	16730.5	16730.5	16732.0
216504	1671354660	16732.5	16732.0	16731.0	16733.0
216503	1671354600	16733.5	16732.5	16732.5	16734.0
216502	1671354540	16733.5	16733.5	16733.5	16734.0
216501	1671354480	16736.5	16733.5	16733.5	16737.0
216500	1671354420	16737.0	16736.5	16736.5	16737.0
216499	1671354360	16739.0	16737.0	16737.0	16739.0
216498	1671354300	16738.5	16739.0	16738.5	16739.0
216497	1671354240	16739.0	16738.5	16738.5	16739.0
216496	1671354180	16738.5	16739.0	16738.5	16739.0
216495	1671354120	16739.0	16738.5	16738.5	16739.5
216494	1671354060	16739.5	16739.0	16738.5	16739.5
216493	1671354000	16740.5	16739.5	16739.0	16740.5
216492	1671353940	16741.5	16740.5	16740.0	16741.5
216491	1671353880	16740.0	16741.5	16740.0	16741.5
216490	1671353820	16741.0	16740.0	16739.5	16741.5
216489	1671353760	16743.0	16741.0	16741.0	16743.5
216488	1671353700	16743.0	16743.0	16742.0	16743.5
216487	1671353640	16745.0	16743.0	16743.0	16745.5
216486	1671353580	16743.5	16745.0	16743.5	16745.5
216485	1671353520	16744.0	16743.5	16743.5	16744.5
216484	1671353460	16744.0	16744.0	16743.5	16744.5
216483	1671353400	16740.5	16744.0	16740.5	16744.0
216482	1671353340	16740.5	16740.5	16739.5	16741.0
216481	1671353280	16739.5	16740.5	16739.5	16740.5
216480	1671353220	16740.0	16739.5	16739.5	16740.0
216479	1671353160	16739.5	16740.0	16739.5	16740.0
216478	1671353100	16740.0	16739.5	16739.5	16740.5
216477	1671353040	16740.0	16740.0	16739.5	16740.5
216476	1671352980	16737.0	16740.0	16736.5	16740.0
216475	1671352920	16736.5	16737.0	16736.0	16737.0
216474	1671352860	16736.0	16736.5	16736.0	16737.0
216473	1671352800	16736.5	16736.0	16736.0	16736.5
216472	1671352740	16736.0	16736.5	16734.5	16736.5
216471	1671352680	16733.0	16736.0	16732.5	16736.0
216470	1671352620	16732.0	16733.0	16731.5	16733.0
216469	1671352560	16731.5	16732.0	16731.5	16732.0
216468	1671352500	16732.0	16731.5	16731.5	16732.0
216467	1671352440	16731.5	16732.0	16731.5	16732.0
216466	1671352380	16729.5	16731.5	16729.5	16732.5
216465	1671352320	16729.5	16729.5	16729.0	16730.5
216464	1671352260	16729.5	16729.5	16729.0	16729.5
216463	1671352200	16729.0	16729.5	16729.0	16729.5
216462	1671352140	16727.0	16729.0	16727.0	16729.5
216461	1671352080	16730.0	16727.0	16726.5	16730.0
216460	1671352020	16733.5	16730.0	16729.0	16733.5
216459	1671351960	16732.5	16733.5	16732.5	16735.0
216458	1671351900	16734.5	16732.5	16732.5	16735.0
216457	1671351840	16735.5	16734.5	16734.5	16735.5
216456	1671351780	16736.0	16735.5	16735.0	16736.5
216455	1671351720	16737.5	16736.0	16736.0	16737.5
216454	1671351660	16740.0	16737.5	16737.0	16740.0
216453	1671351600	16736.5	16740.0	16736.5	16740.0
216452	1671351540	16737.0	16736.5	16736.5	16737.0
216451	1671351480	16736.5	16737.0	16736.0	16737.0
216450	1671351421	16737.5	16736.5	16735.5	16738.0
216449	1671351360	16738.0	16737.5	16737.5	16738.0
216448	1671351300	16741.0	16738.0	16737.5	16741.0
216447	1671351240	16741.0	16741.0	16740.0	16741.0
216446	1671351180	16741.0	16741.0	16741.0	16741.5
216445	1671351120	16745.5	16741.0	16741.0	16745.5
216444	1671351060	16745.5	16745.5	16745.0	16746.5
216443	1671351000	16749.5	16745.5	16745.0	16749.5
216442	1671350940	16744.0	16749.5	16744.0	16749.5
216441	1671350880	16742.0	16744.0	16742.0	16744.5
216440	1671350820	16741.5	16742.0	16741.5	16742.5
216439	1671350760	16741.5	16741.5	16741.5	16742.0
216438	1671350700	16740.5	16741.5	16740.0	16741.5
216437	1671350640	16740.0	16740.5	16739.5	16741.0
216436	1671350580	16737.5	16740.0	16737.5	16740.0
216435	1671350520	16737.5	16737.5	16737.0	16737.5
216434	1671350460	16735.5	16737.5	16735.5	16738.0
216433	1671350400	16736.5	16735.5	16735.0	16736.5
216432	1671350340	16738.0	16736.5	16735.5	16738.0
216431	1671350280	16732.0	16738.0	16727.0	16738.5
216430	1671350220	16735.0	16732.0	16731.5	16735.5
216429	1671350160	16735.5	16735.0	16735.0	16735.5
216428	1671350100	16734.5	16735.5	16734.0	16736.0
216427	1671350040	16734.0	16734.5	16733.5	16734.5
216426	1671349980	16734.0	16734.0	16734.0	16735.5
216425	1671349920	16728.5	16734.0	16728.5	16734.0
216424	1671349860	16730.5	16728.5	16728.0	16730.5
216423	1671349800	16727.0	16730.5	16727.0	16730.5
216422	1671349740	16727.5	16727.0	16726.5	16727.5
216421	1671349680	16732.0	16727.5	16727.0	16732.0
216420	1671349620	16733.5	16732.0	16732.0	16736.0
216419	1671349560	16734.5	16733.5	16733.5	16734.5
216418	1671349500	16735.5	16734.5	16733.5	16735.5
216417	1671349440	16738.5	16735.5	16735.0	16739.0
216416	1671349380	16737.5	16738.5	16737.5	16738.5
216415	1671349320	16738.5	16737.5	16737.0	16738.5
